1.960471e-01 1.354310e-01 9.190440e-02 6.326933e-02 5.146062e-02 5.365899e-02 5.636039e-02 5.594272e-02 7.349640e-02 8.660039e-02
1.764612e-01 1.038144e-01 7.834347e-02 5.463428e-02 3.845452e-02 3.406184e-02 3.071371e-02 3.781494e-02 4.808267e-02 7.026836e-02
1.138734e-01 8.042135e-02 6.102194e-02 4.761201e-02 3.636581e-02 2.923596e-02 2.627210e-02 3.319235e-02 4.492258e-02 5.529709e-02
4.819839e-02 5.061156e-02 4.314737e-02 3.710797e-02 3.332204e-02 3.021792e-02 2.613284e-02 3.314639e-02 4.183134e-02 5.406555e-02
3.427825e-02 3.368549e-02 2.823181e-02 2.888146e-02 2.490127e-02 2.327551e-02 2.643194e-02 2.955166e-02 3.940171e-02 5.226188e-02
2.431912e-02 2.227139e-02 2.328532e-02 1.996393e-02 2.037833e-02 1.974392e-02 2.203446e-02 2.965969e-02 3.941747e-02 5.480232e-02
1.705688e-02 1.851838e-02 1.799476e-02 1.806866e-02 1.852676e-02 1.753827e-02 2.102486e-02 2.739269e-02 3.852414e-02 5.782823e-02
1.757673e-02 1.375478e-02 1.409666e-02 1.293659e-02 1.399137e-02 1.554519e-02 1.937916e-02 2.615236e-02 3.899213e-02 5.262511e-02
1.308113e-02 9.848462e-03 1.231923e-02 1.237262e-02 1.360918e-02 1.445433e-02 1.919798e-02 2.618008e-02 3.588868e-02 5.150509e-02
8.488101e-03 8.554865e-03 1.005113e-02 1.167526e-02 1.119241e-02 1.403406e-02 1.712102e-02 2.424536e-02 3.502092e-02 5.269363e-02
