1.524456e-03 3.038031e-03 3.254525e-03 3.880736e-03 4.638180e-03 5.642320e-03 7.024315e-03 9.304168e-03 1.247883e-02 1.754551e-02
1.598753e-03 3.026979e-03 3.418626e-03 3.920015e-03 4.654052e-03 5.640070e-03 7.102636e-03 9.205229e-03 1.246302e-02 1.727352e-02
1.605582e-03 3.046646e-03 3.428425e-03 3.908407e-03 4.523588e-03 5.675709e-03 7.054957e-03 9.200983e-03 1.274571e-02 1.705547e-02
1.631295e-03 3.081483e-03 3.283936e-03 3.994876e-03 4.624808e-03 5.671392e-03 7.239541e-03 9.233738e-03 1.293423e-02 1.728739e-02
1.594315e-03 3.115365e-03 3.527897e-03 3.953802e-03 4.623929e-03 5.687375e-03 7.054167e-03 9.077672e-03 1.255965e-02 1.736975e-02
1.509631e-03 2.850636e-03 3.516364e-03 3.839576e-03 4.589349e-03 5.697067e-03 7.327906e-03 8.959075e-03 1.268453e-02 1.705425e-02
1.498519e-03 2.927774e-03 3.546466e-03 3.936471e-03 4.651942e-03 5.705088e-03 7.040248e-03 9.004740e-03 1.267153e-02 1.730198e-02
1.455460e-03 3.066467e-03 3.571013e-03 3.842674e-03 4.644711e-03 5.666697e-03 7.043487e-03 8.801404e-03 1.268565e-02 1.699241e-02
1.419834e-03 3.127829e-03 3.559134e-03 4.018907e-03 4.506264e-03 5.617932e-03 7.266883e-03 8.881711e-03 1.221869e-02 1.703289e-02
1.375148e-03 3.086204e-03 3.484132e-03 4.011807e-03 4.414483e-03 5.490759e-03 7.076137e-03 9.286297e-03 1.240255e-02 1.735606e-02
