2.235073e-03 3.556439e-03 4.196352e-03 5.014470e-03 5.896816e-03 7.625949e-03 9.867452e-03 1.397200e-02 2.011131e-02 2.795353e-02
2.014553e-03 3.714877e-03 3.953716e-03 5.003837e-03 6.153772e-03 7.392708e-03 9.898678e-03 1.407534e-02 2.019915e-02 2.822275e-02
1.876120e-03 3.649939e-03 3.974750e-03 4.840985e-03 5.971977e-03 7.437494e-03 1.002829e-02 1.411446e-02 1.976584e-02 2.806004e-02
1.971608e-03 3.350464e-03 4.063249e-03 4.936890e-03 6.052852e-03 7.515401e-03 9.778284e-03 1.395043e-02 2.008786e-02 2.838072e-02
1.943034e-03 3.492692e-03 4.246790e-03 4.887440e-03 6.039421e-03 7.306465e-03 9.914259e-03 1.369897e-02 2.005092e-02 2.843250e-02
2.129117e-03 3.610368e-03 4.270141e-03 4.792817e-03 5.965988e-03 7.404173e-03 9.998012e-03 1.340076e-02 1.959171e-02 2.796054e-02
2.175599e-03 3.540222e-03 4.129278e-03 4.883068e-03 6.048158e-03 7.554185e-03 9.937442e-03 1.360088e-02 1.979153e-02 2.821078e-02
1.932957e-03 3.664076e-03 4.252055e-03 4.742704e-03 6.175530e-03 7.596782e-03 9.886894e-03 1.393039e-02 2.031607e-02 2.821384e-02
1.913370e-03 3.769635e-03 4.181894e-03 4.792298e-03 6.054341e-03 7.462014e-03 1.018027e-02 1.387030e-02 2.027921e-02 2.794987e-02
1.938414e-03 3.498304e-03 4.319649e-03 4.986214e-03 6.001849e-03 7.595405e-03 1.004181e-02 1.382985e-02 2.027959e-02 2.870119e-02
