7.035827e-01 2.552875e-01 1.177234e-01 5.993678e-02 2.963273e-02 2.241774e-02 2.018552e-02 2.330413e-02 2.610603e-02 2.876189e-02
2.466828e-01 1.206613e-01 9.422336e-02 4.679084e-02 2.427741e-02 1.696681e-02 1.401930e-02 1.381269e-02 1.544824e-02 1.951610e-02
1.192030e-01 6.763081e-02 4.913976e-02 2.995668e-02 1.980016e-02 1.455196e-02 1.182179e-02 1.203645e-02 1.283667e-02 1.855508e-02
4.750730e-02 3.743715e-02 2.995687e-02 2.164049e-02 1.665149e-02 1.435274e-02 1.140119e-02 1.122979e-02 1.459903e-02 1.926555e-02
2.819632e-02 1.923926e-02 1.772477e-02 1.382684e-02 1.041730e-02 1.092631e-02 1.091978e-02 1.214811e-02 1.428751e-02 1.844618e-02
1.295765e-02 1.283032e-02 1.167786e-02 1.004944e-02 9.729850e-03 9.248716e-03 9.294586e-03 1.075029e-02 1.296475e-02 1.753796e-02
8.144058e-03 8.213113e-03 8.449085e-03 7.822205e-03 7.825194e-03 8.224260e-03 9.212812e-03 9.631406e-03 1.384783e-02 1.700978e-02
5.416979e-03 7.728204e-03 7.045588e-03 6.577774e-03 6.890708e-03 7.836633e-03 9.309567e-03 1.028199e-02 1.483070e-02 1.736420e-02
5.701146e-03 5.929539e-03 5.678305e-03 6.753496e-03 6.523128e-03 7.220064e-03 8.492686e-03 1.013285e-02 1.400884e-02 1.726007e-02
5.141030e-03 4.857493e-03 5.257208e-03 5.913234e-03 5.650670e-03 6.180156e-03 7.620855e-03 1.004116e-02 1.360404e-02 1.791698e-02
