2.670380e-03 4.307797e-03 5.119614e-03 6.143435e-03 7.825210e-03 1.053993e-02 1.546419e-02 2.343238e-02 3.406101e-02 4.911958e-02
2.727714e-03 4.527184e-03 5.095357e-03 6.233141e-03 7.837063e-03 1.061922e-02 1.567905e-02 2.253779e-02 3.385893e-02 4.935146e-02
2.595280e-03 4.578099e-03 5.126725e-03 6.062687e-03 7.929436e-03 1.064360e-02 1.529267e-02 2.241543e-02 3.415631e-02 4.917989e-02
2.608095e-03 4.300955e-03 5.142130e-03 6.333538e-03 7.936189e-03 1.109306e-02 1.527995e-02 2.269409e-02 3.403180e-02 4.894255e-02
2.630634e-03 4.425133e-03 5.080323e-03 6.126852e-03 8.054923e-03 1.114760e-02 1.527628e-02 2.277553e-02 3.488464e-02 4.915125e-02
2.683363e-03 4.544808e-03 5.053687e-03 6.239233e-03 8.037496e-03 1.048353e-02 1.481319e-02 2.270524e-02 3.522213e-02 4.900199e-02
2.612368e-03 4.559469e-03 4.858211e-03 6.129202e-03 8.051130e-03 1.042230e-02 1.540240e-02 2.251873e-02 3.438277e-02 4.837705e-02
2.721778e-03 4.424079e-03 5.058025e-03 6.042054e-03 8.083931e-03 1.032376e-02 1.526870e-02 2.334395e-02 3.437720e-02 4.869685e-02
2.749423e-03 4.376850e-03 5.015313e-03 6.088881e-03 7.774416e-03 1.072123e-02 1.531142e-02 2.276962e-02 3.451272e-02 4.903253e-02
2.866845e-03 4.420191e-03 5.143409e-03 6.153166e-03 7.858059e-03 1.059079e-02 1.542438e-02 2.288254e-02 3.429871e-02 4.984524e-02
