6.911308e-01 3.819550e-01 2.109233e-01 8.998850e-02 5.277943e-02 4.072525e-02 3.758816e-02 4.465014e-02 4.126731e-02 5.535446e-02
4.140903e-01 1.903811e-01 1.438517e-01 8.497290e-02 4.462122e-02 2.627902e-02 2.477037e-02 2.557277e-02 2.772980e-02 3.840740e-02
1.878685e-01 1.244231e-01 8.496090e-02 6.255948e-02 3.683962e-02 2.500142e-02 2.144401e-02 2.235117e-02 2.439918e-02 2.968951e-02
9.770367e-02 7.435487e-02 5.466456e-02 4.194732e-02 2.957506e-02 2.035101e-02 1.845533e-02 1.835384e-02 2.371784e-02 3.044892e-02
7.011242e-02 4.473602e-02 3.068513e-02 3.005418e-02 2.146620e-02 1.763047e-02 1.709899e-02 1.793119e-02 2.398007e-02 2.953843e-02
2.863057e-02 2.968627e-02 2.485262e-02 2.075248e-02 1.507487e-02 1.463927e-02 1.717986e-02 1.762456e-02 2.332101e-02 3.108288e-02
1.945336e-02 2.020603e-02 1.695281e-02 1.588986e-02 1.418676e-02 1.391912e-02 1.490657e-02 1.898239e-02 2.190009e-02 3.124636e-02
1.396793e-02 1.620458e-02 1.195939e-02 1.276586e-02 1.272373e-02 1.313513e-02 1.521054e-02 1.694836e-02 2.271115e-02 3.074289e-02
1.343586e-02 1.086775e-02 9.910131e-03 1.006869e-02 1.040143e-02 1.235269e-02 1.287751e-02 1.497734e-02 2.187741e-02 2.820288e-02
8.514632e-03 7.447716e-03 7.642394e-03 8.427180e-03 1.005621e-02 9.635873e-03 1.136127e-02 1.621373e-02 2.109219e-02 2.862955e-02
