1.128991e-01 3.105572e-02 1.288989e-02 6.405966e-03 5.279161e-03 4.726839e-03 5.064357e-03 6.216344e-03 7.921479e-03 1.125141e-02
4.655699e-02 1.716558e-02 1.045580e-02 5.856160e-03 4.984722e-03 4.841069e-03 4.990996e-03 6.519398e-03 8.465438e-03 1.101501e-02
2.208079e-02 1.042890e-02 6.749991e-03 5.120168e-03 4.501694e-03 4.737862e-03 4.595154e-03 6.241517e-03 7.764467e-03 1.103747e-02
1.068219e-02 7.625166e-03 4.733469e-03 4.616131e-03 4.014288e-03 4.709792e-03 4.953228e-03 6.608082e-03 7.711326e-03 1.067569e-02
8.540330e-03 5.720972e-03 4.580064e-03 4.090028e-03 3.803526e-03 3.795405e-03 5.024999e-03 6.950394e-03 8.084654e-03 1.082460e-02
4.573304e-03 4.454926e-03 3.797444e-03 3.698464e-03 3.588258e-03 3.860107e-03 4.268047e-03 6.073441e-03 8.472606e-03 1.062918e-02
6.192478e-03 4.387465e-03 3.522263e-03 3.431584e-03 3.615679e-03 4.011087e-03 4.457623e-03 6.415205e-03 8.513053e-03 1.122493e-02
4.397157e-03 4.037475e-03 3.773091e-03 3.049969e-03 3.739605e-03 3.693081e-03 4.642962e-03 6.481317e-03 7.362953e-03 1.105258e-02
3.114455e-03 3.850926e-03 3.618052e-03 2.913322e-03 3.798448e-03 3.625440e-03 4.597179e-03 6.180516e-03 7.778273e-03 1.112497e-02
3.378424e-03 2.999988e-03 3.601841e-03 3.067581e-03 3.306492e-03 3.678461e-03 4.540479e-03 5.597484e-03 8.373477e-03 1.156149e-02
