4.451243e-02 1.162891e-02 5.327806e-03 3.540200e-03 3.142044e-03 3.019499e-03 3.445847e-03 4.503669e-03 5.229416e-03 6.620552e-03
1.592158e-02 8.834700e-03 4.639104e-03 3.302942e-03 3.184491e-03 3.026510e-03 3.150319e-03 4.300805e-03 5.396875e-03 6.556205e-03
1.164898e-02 5.894037e-03 4.158973e-03 2.755646e-03 3.239258e-03 3.053111e-03 3.342164e-03 4.174233e-03 5.390358e-03 6.330002e-03
6.776705e-03 4.650722e-03 3.552918e-03 2.732420e-03 2.617632e-03 2.930080e-03 3.411124e-03 4.046719e-03 5.459648e-03 6.270803e-03
4.238277e-03 3.393283e-03 3.164414e-03 2.876660e-03 2.679888e-03 2.992532e-03 3.639924e-03 4.515666e-03 5.399446e-03 6.549519e-03
3.264339e-03 3.157994e-03 2.998645e-03 2.646823e-03 2.636478e-03 3.058071e-03 3.713348e-03 4.258219e-03 5.177567e-03 6.741579e-03
2.995071e-03 3.252801e-03 2.956194e-03 3.029401e-03 2.628029e-03 2.802321e-03 3.417561e-03 4.037142e-03 5.170931e-03 6.995238e-03
2.619347e-03 3.018950e-03 2.853741e-03 2.874715e-03 2.537536e-03 3.026142e-03 3.295568e-03 4.130306e-03 5.175220e-03 7.298980e-03
2.748290e-03 2.845373e-03 2.855640e-03 2.781542e-03 2.646396e-03 2.863600e-03 3.247548e-03 3.957828e-03 5.353042e-03 7.211023e-03
2.369646e-03 2.738347e-03 2.441502e-03 2.756280e-03 2.372152e-03 3.021622e-03 3.485829e-03 3.804921e-03 5.316488e-03 7.184507e-03
