1.608274e-02 8.104608e-03 5.838868e-03 5.071862e-03 4.578474e-03 4.539227e-03 4.989327e-03 6.443552e-03 8.269406e-03 1.095342e-02
9.550197e-03 6.295055e-03 5.307242e-03 4.679024e-03 4.456868e-03 4.735976e-03 4.879313e-03 6.110062e-03 8.408610e-03 1.073930e-02
1.010226e-02 6.551832e-03 4.686427e-03 3.750980e-03 3.885297e-03 4.469777e-03 4.802063e-03 6.686277e-03 8.467582e-03 1.091728e-02
8.280366e-03 6.244514e-03 4.555011e-03 3.927688e-03 4.109780e-03 4.213521e-03 4.793121e-03 6.191098e-03 8.004071e-03 1.108098e-02
5.908357e-03 4.963209e-03 4.063055e-03 3.808341e-03 3.912343e-03 4.331297e-03 4.760156e-03 5.934899e-03 8.033743e-03 1.199421e-02
5.670020e-03 4.029572e-03 3.816343e-03 3.573217e-03 4.135974e-03 3.971903e-03 4.816891e-03 6.258857e-03 8.741866e-03 1.105582e-02
4.722394e-03 4.009944e-03 3.682847e-03 3.582091e-03 3.563018e-03 4.250150e-03 4.824443e-03 5.867829e-03 8.202932e-03 1.152787e-02
3.019676e-03 3.762884e-03 3.613543e-03 3.348948e-03 3.426149e-03 4.177940e-03 4.627292e-03 5.885535e-03 8.415996e-03 1.129735e-02
3.599870e-03 3.975369e-03 3.376356e-03 3.371629e-03 3.275747e-03 4.424326e-03 4.674539e-03 6.122872e-03 8.037035e-03 1.118812e-02
4.044543e-03 3.472342e-03 3.391030e-03 3.251097e-03 3.339985e-03 3.841097e-03 4.586858e-03 6.432818e-03 8.142567e-03 1.084238e-02
