2.902614e-02 1.191916e-02 8.781490e-03 6.190429e-03 5.310363e-03 6.246535e-03 7.194968e-03 9.985494e-03 1.397054e-02 1.863165e-02
2.353035e-02 1.020424e-02 7.966391e-03 5.718403e-03 5.557665e-03 5.837153e-03 7.485559e-03 1.008562e-02 1.425204e-02 1.865870e-02
1.265062e-02 7.068019e-03 6.006308e-03 5.258655e-03 5.748352e-03 6.369916e-03 7.549561e-03 9.809332e-03 1.471229e-02 1.993272e-02
1.115500e-02 6.020294e-03 5.946127e-03 5.017710e-03 5.598414e-03 5.693893e-03 7.953220e-03 1.064129e-02 1.387397e-02 1.926025e-02
9.140787e-03 5.851685e-03 4.462289e-03 4.097310e-03 5.220589e-03 5.202056e-03 7.456600e-03 9.843128e-03 1.437822e-02 1.740908e-02
5.653899e-03 4.786896e-03 5.257589e-03 4.285366e-03 4.928381e-03 5.285934e-03 7.416462e-03 9.551059e-03 1.449585e-02 1.857887e-02
5.302704e-03 4.634223e-03 4.516408e-03 3.995823e-03 4.738446e-03 5.261687e-03 7.295096e-03 9.419593e-03 1.495107e-02 1.841367e-02
4.569157e-03 4.884515e-03 4.451911e-03 3.651655e-03 4.424362e-03 5.611551e-03 7.684096e-03 9.463073e-03 1.487759e-02 1.886803e-02
4.674080e-03 4.240136e-03 3.648731e-03 4.012115e-03 4.163455e-03 4.864658e-03 6.787338e-03 9.237511e-03 1.369327e-02 1.786231e-02
4.331512e-03 4.312154e-03 3.752215e-03 3.704420e-03 4.123735e-03 5.126919e-03 7.148660e-03 9.777679e-03 1.337071e-02 1.730346e-02
