4.866070e-02 1.947857e-02 1.153630e-02 6.811121e-03 5.372626e-03 3.985668e-03 3.624067e-03 4.923050e-03 5.590551e-03 6.547248e-03
2.427460e-02 1.499403e-02 8.006454e-03 5.939566e-03 4.705985e-03 3.743672e-03 3.779463e-03 4.237935e-03 5.410878e-03 6.920485e-03
1.633545e-02 9.918665e-03 6.834205e-03 5.096996e-03 3.942733e-03 3.698611e-03 3.661417e-03 4.451752e-03 5.474138e-03 6.370726e-03
1.423544e-02 7.399905e-03 5.541311e-03 4.217856e-03 3.577261e-03 3.533078e-03 3.481491e-03 4.434185e-03 5.720120e-03 6.994433e-03
9.104991e-03 5.873060e-03 4.340307e-03 3.843023e-03 3.499642e-03 3.638406e-03 3.444658e-03 4.551616e-03 5.855773e-03 6.934571e-03
5.787939e-03 5.100931e-03 3.838145e-03 3.603475e-03 3.139667e-03 3.304134e-03 3.563760e-03 4.447104e-03 5.506800e-03 6.679953e-03
4.275785e-03 4.039918e-03 3.158331e-03 3.363228e-03 3.258080e-03 3.195062e-03 3.322216e-03 4.287017e-03 5.283441e-03 7.221485e-03
3.861770e-03 3.487539e-03 3.020641e-03 2.644550e-03 2.981335e-03 3.025366e-03 3.562855e-03 4.162894e-03 5.376004e-03 6.683960e-03
3.370187e-03 2.919507e-03 2.969101e-03 2.900432e-03 2.683369e-03 3.055985e-03 3.485556e-03 4.063025e-03 5.130631e-03 6.770083e-03
3.482414e-03 3.157473e-03 2.743849e-03 2.765944e-03 2.527925e-03 3.179605e-03 3.315020e-03 4.347162e-03 5.164281e-03 7.105466e-03
