7.094164e-03 5.909222e-03 4.965527e-03 4.115043e-03 4.805395e-03 5.533685e-03 7.820190e-03 9.743706e-03 1.381972e-02 1.809570e-02
6.866863e-03 5.501127e-03 4.561085e-03 4.043599e-03 4.693808e-03 5.254101e-03 6.720539e-03 9.748319e-03 1.413300e-02 1.726451e-02
5.907277e-03 4.911545e-03 4.194139e-03 4.321623e-03 4.843130e-03 5.036029e-03 7.229084e-03 9.035669e-03 1.481137e-02 1.774972e-02
4.986606e-03 4.911033e-03 4.164442e-03 3.976607e-03 4.678510e-03 5.559476e-03 7.032134e-03 9.193818e-03 1.480788e-02 1.793791e-02
5.804993e-03 4.703684e-03 4.602894e-03 3.743654e-03 4.807040e-03 5.381562e-03 6.864506e-03 9.935539e-03 1.394101e-02 1.868183e-02
5.516544e-03 5.013628e-03 4.269006e-03 4.076411e-03 4.826674e-03 4.996294e-03 7.158910e-03 9.646663e-03 1.362641e-02 1.756845e-02
4.639320e-03 4.486294e-03 4.068316e-03 3.794463e-03 4.397055e-03 5.585501e-03 6.803316e-03 9.208602e-03 1.409036e-02 1.750705e-02
4.220453e-03 3.521186e-03 3.841092e-03 4.207095e-03 4.520095e-03 4.989578e-03 7.284067e-03 8.993132e-03 1.366544e-02 1.690010e-02
4.037492e-03 3.823993e-03 3.921792e-03 3.937462e-03 4.617569e-03 5.463006e-03 6.810790e-03 9.490713e-03 1.433984e-02 1.807668e-02
3.996380e-03 3.972078e-03 3.460394e-03 3.305329e-03 4.274950e-03 5.887852e-03 6.563878e-03 9.494451e-03 1.405538e-02 1.867566e-02
